INFO:Route Recon Starting
INFO:SERVER: Starting server on 127.0.0.1:10000
INFO:SERVER: Waiting for a connection...
INFO:SERVER: Num Connections: 1
INFO:DRONE CONNECTED
INFO:subswarm_id: 1
INFO:Subswarm IDs [51, 52, 53, 54]
INFO:Drone 1: Init Drone Positions: [(40.791560828811086, -73.95651759258162), (40.79156218089093, -73.95651878737993), (40.7915607595336, -73.95651761963475), (40.791560826799646, -73.95651787023074)]
INFO:Drone 1: Id in Swarm: 1
INFO:Drone 1: Num subswarm drones: 4
INFO:MODEL: Drone Starting Behavior
INFO:SERVER: Num Connections: 2
INFO:DRONE CONNECTED
INFO:subswarm_id: 1
INFO:Subswarm IDs [51, 52, 53, 54]
INFO:Drone 0: Init Drone Positions: [(40.791562170940345, -73.95651888080836), (40.79156072768075, -73.95651789368972), (40.79156075409138, -73.95651761484253), (40.791560822264465, -73.95651786663657)]
INFO:Drone 0: Id in Swarm: 0
INFO:Drone 0: Num subswarm drones: 4
INFO:MODEL: Drone Starting Behavior
INFO:SERVER: Num Connections: 3
INFO:DRONE CONNECTED
INFO:subswarm_id: 1
INFO:Subswarm IDs [51, 52, 53, 54]
INFO:Drone 2: Init Drone Positions: [(40.79156081641426, -73.95651758166544), (40.79156072072615, -73.95651788909674), (40.79156199575042, -73.95651889550959), (40.791560816468966, -73.9565178620436)]
INFO:Drone 2: Id in Swarm: 2
INFO:Drone 2: Num subswarm drones: 4
INFO:MODEL: Drone Starting Behavior
INFO:SERVER: Num Connections: 4
INFO:DRONE CONNECTED
INFO:subswarm_id: 1
INFO:Subswarm IDs [51, 52, 53, 54]
INFO:Drone 3: Init Drone Positions: [(40.79156084575329, -73.9565176075003), (40.79156075006517, -73.95651790847289), (40.79156077647581, -73.95651763455342), (40.79156206393464, -73.95651886189061)]
INFO:Drone 3: Id in Swarm: 3
INFO:Drone 3: Num subswarm drones: 4
INFO:MODEL: Drone Starting Behavior
INFO:Drone 2: Vertices: [(40.78974151611328, -73.95738220214844), (40.79172897338867, -73.9555892944336), (40.792640686035156, -73.95500183105469), (40.794349670410156, -73.95481872558594), (40.79492950439453, -73.95426177978516), (40.79526138305664, -73.95352935791016), (40.795528411865234, -73.95333862304688), (40.79595184326172, -73.95365142822266), (40.7959098815918, -73.95439147949219), (40.7955207824707, -73.95498657226562), (40.795650482177734, -73.95558166503906), (40.79623031616211, -73.95565795898438), (40.797691345214844, -73.9543685913086), (40.79841995239258, -73.95442962646484), (40.799171447753906, -73.95568084716797), (40.79957962036133, -73.95787048339844), (40.79875946044922, -73.95855712890625), (40.798370361328125, -73.95819854736328), (40.79779815673828, -73.95719909667969), (40.796119689941406, -73.95697021484375), (40.79521942138672, -73.95880889892578), (40.794410705566406, -73.95934295654297), (40.79405975341797, -73.95995330810547), (40.7936897277832, -73.9610824584961), (40.791778564453125, -73.96246337890625), (40.79161071777344, -73.96147155761719), (40.791229248046875, -73.96045684814453), (40.79050827026367, -73.95915985107422), (40.790218353271484, -73.95755004882812), (40.794471740722656, -73.95575714111328), (40.79364013671875, -73.95809936523438)]
INFO:Drone 0: Vertices: [(40.78974151611328, -73.95738220214844), (40.79172897338867, -73.9555892944336), (40.792640686035156, -73.95500183105469), (40.794349670410156, -73.95481872558594), (40.79492950439453, -73.95426177978516), (40.79526138305664, -73.95352935791016), (40.795528411865234, -73.95333862304688), (40.79595184326172, -73.95365142822266), (40.7959098815918, -73.95439147949219), (40.7955207824707, -73.95498657226562), (40.795650482177734, -73.95558166503906), (40.79623031616211, -73.95565795898438), (40.797691345214844, -73.9543685913086), (40.79841995239258, -73.95442962646484), (40.799171447753906, -73.95568084716797), (40.79957962036133, -73.95787048339844), (40.79875946044922, -73.95855712890625), (40.798370361328125, -73.95819854736328), (40.79779815673828, -73.95719909667969), (40.796119689941406, -73.95697021484375), (40.79521942138672, -73.95880889892578), (40.794410705566406, -73.95934295654297), (40.79405975341797, -73.95995330810547), (40.7936897277832, -73.9610824584961), (40.791778564453125, -73.96246337890625), (40.79161071777344, -73.96147155761719), (40.791229248046875, -73.96045684814453), (40.79050827026367, -73.95915985107422), (40.790218353271484, -73.95755004882812), (40.794471740722656, -73.95575714111328), (40.79364013671875, -73.95809936523438)]
INFO:Drone 1: Vertices: [(40.78974151611328, -73.95738220214844), (40.79172897338867, -73.9555892944336), (40.792640686035156, -73.95500183105469), (40.794349670410156, -73.95481872558594), (40.79492950439453, -73.95426177978516), (40.79526138305664, -73.95352935791016), (40.795528411865234, -73.95333862304688), (40.79595184326172, -73.95365142822266), (40.7959098815918, -73.95439147949219), (40.7955207824707, -73.95498657226562), (40.795650482177734, -73.95558166503906), (40.79623031616211, -73.95565795898438), (40.797691345214844, -73.9543685913086), (40.79841995239258, -73.95442962646484), (40.799171447753906, -73.95568084716797), (40.79957962036133, -73.95787048339844), (40.79875946044922, -73.95855712890625), (40.798370361328125, -73.95819854736328), (40.79779815673828, -73.95719909667969), (40.796119689941406, -73.95697021484375), (40.79521942138672, -73.95880889892578), (40.794410705566406, -73.95934295654297), (40.79405975341797, -73.95995330810547), (40.7936897277832, -73.9610824584961), (40.791778564453125, -73.96246337890625), (40.79161071777344, -73.96147155761719), (40.791229248046875, -73.96045684814453), (40.79050827026367, -73.95915985107422), (40.790218353271484, -73.95755004882812), (40.794471740722656, -73.95575714111328), (40.79364013671875, -73.95809936523438)]
INFO:Drone 1: Edges: [(0, 1), (1, 2), (2, 3), (3, 4), (4, 5), (5, 6), (6, 7), (7, 8), (8, 9), (9, 10), (10, 11), (11, 12), (12, 13), (13, 14), (14, 15), (15, 16), (16, 17), (17, 18), (18, 19), (19, 20), (20, 21), (21, 22), (22, 23), (23, 24), (24, 25), (25, 26), (26, 27), (27, 28), (28, 0), (3, 29), (29, 30), (21, 30)]
INFO:Drone 1: Drone Pos Len: 4
INFO:Drone 1: len: 4
INFO:Drone 1: created graph
INFO:Drone 1: copied graph
INFO:Drone 1: connected vertices
INFO:Drone 3: Vertices: [(40.78974151611328, -73.95738220214844), (40.79172897338867, -73.9555892944336), (40.792640686035156, -73.95500183105469), (40.794349670410156, -73.95481872558594), (40.79492950439453, -73.95426177978516), (40.79526138305664, -73.95352935791016), (40.795528411865234, -73.95333862304688), (40.79595184326172, -73.95365142822266), (40.7959098815918, -73.95439147949219), (40.7955207824707, -73.95498657226562), (40.795650482177734, -73.95558166503906), (40.79623031616211, -73.95565795898438), (40.797691345214844, -73.9543685913086), (40.79841995239258, -73.95442962646484), (40.799171447753906, -73.95568084716797), (40.79957962036133, -73.95787048339844), (40.79875946044922, -73.95855712890625), (40.798370361328125, -73.95819854736328), (40.79779815673828, -73.95719909667969), (40.796119689941406, -73.95697021484375), (40.79521942138672, -73.95880889892578), (40.794410705566406, -73.95934295654297), (40.79405975341797, -73.95995330810547), (40.7936897277832, -73.9610824584961), (40.791778564453125, -73.96246337890625), (40.79161071777344, -73.96147155761719), (40.791229248046875, -73.96045684814453), (40.79050827026367, -73.95915985107422), (40.790218353271484, -73.95755004882812), (40.794471740722656, -73.95575714111328), (40.79364013671875, -73.95809936523438)]
INFO:Drone 2: Drone Pos Len: 4
INFO:Drone 2: len: 4
INFO:Drone 2: created graph
INFO:Drone 2: copied graph
INFO:Drone 2: connected vertices
INFO:Drone 0: Edges: [(0, 1), (1, 2), (2, 3), (3, 4), (4, 5), (5, 6), (6, 7), (7, 8), (8, 9), (9, 10), (10, 11), (11, 12), (12, 13), (13, 14), (14, 15), (15, 16), (16, 17), (17, 18), (18, 19), (19, 20), (20, 21), (21, 22), (22, 23), (23, 24), (24, 25), (25, 26), (26, 27), (27, 28), (28, 0), (3, 29), (29, 30), (21, 30)]
INFO:Drone 0: Drone Pos Len: 4
INFO:Drone 0: len: 4
INFO:Drone 0: created graph
INFO:Drone 0: copied graph
INFO:Drone 2: Edges: [(0, 1), (1, 2), (2, 3), (3, 4), (4, 5), (5, 6), (6, 7), (7, 8), (8, 9), (9, 10), (10, 11), (11, 12), (12, 13), (13, 14), (14, 15), (15, 16), (16, 17), (17, 18), (18, 19), (19, 20), (20, 21), (21, 22), (22, 23), (23, 24), (24, 25), (25, 26), (26, 27), (27, 28), (28, 0), (3, 29), (29, 30), (21, 30)]
INFO:Drone 0: connected vertices
INFO:Drone 3: Edges: [(0, 1), (1, 2), (2, 3), (3, 4), (4, 5), (5, 6), (6, 7), (7, 8), (8, 9), (9, 10), (10, 11), (11, 12), (12, 13), (13, 14), (14, 15), (15, 16), (16, 17), (17, 18), (18, 19), (19, 20), (20, 21), (21, 22), (22, 23), (23, 24), (24, 25), (25, 26), (26, 27), (27, 28), (28, 0), (3, 29), (29, 30), (21, 30)]
INFO:Drone 3: Drone Pos Len: 4
INFO:Drone 3: len: 4
INFO:Drone 3: created graph
INFO:Drone 3: copied graph
INFO:Drone 3: connected vertices
INFO:Drone 1: Assignment: (Subgraph: set([(1, 2), (10, 11), (5, 6), (15, 16), (9, 10), (2, 3), (17, 18), (11, 12), (1, 31), (16, 17), (8, 9), (6, 7), (12, 13), (7, 8), (13, 14), (3, 29), (4, 5), (14, 15), (3, 4)]), Subgraph: set([(0, 1), (24, 25), (0, 32), (26, 27), (21, 22), (27, 28), (25, 26), (20, 21), (21, 30), (22, 23), (23, 24), (19, 20), (0, 28)]), Subgraph: set([(0, 33), (0, 32), (3, 33), (28, 33), (0, 31), (0, 34)]), Subgraph: set([(29, 30), (18, 32), (18, 19), (29, 34), (29, 32)]))
INFO:Drone 1: [Graph({0: set([1, 19]), 1: set([0, 2]), 2: set([1, 18, 3]), 3: set([2, 4]), 4: set([3, 5]), 5: set([4, 6]), 6: set([5, 7]), 7: set([8, 6]), 8: set([9, 7]), 9: set([8, 10]), 10: set([9, 11]), 11: set([10, 12]), 12: set([11, 13]), 13: set([12, 14]), 14: set([13, 15]), 15: set([16, 14]), 16: set([17, 15]), 17: set([16]), 18: set([2]), 19: set([0])}), Graph({0: set([1]), 1: set([0, 2, 12]), 2: set([1]), 3: set([4]), 4: set([3, 5]), 5: set([4, 13, 6]), 6: set([5, 7]), 7: set([8, 6]), 8: set([9, 7]), 9: set([8, 10]), 10: set([9, 11]), 11: set([10, 12]), 12: set([1, 11]), 13: set([5])}), Graph({0: set([1, 2, 4, 6]), 1: set([0, 3, 5]), 2: set([0]), 3: set([1]), 4: set([0]), 5: set([1]), 6: set([0])}), Graph({0: set([2, 4]), 1: set([4]), 2: set([0, 3]), 3: set([2]), 4: set([0, 1, 5]), 5: set([4])})]
INFO:Drone 1: Starts: [19, 0, 1, 1]
INFO:Drone 1: [[19, 0, 1, 2, 18, 2, 3, 4, 5, 6, 7, 8, 9, 10, 11, 12, 13, 14, 15, 16, 17], [0, 1, 2, 1, 12, 11, 10, 9, 8, 7, 6, 5, 13, 5, 4, 3], [1, 0, 2, 4, 0, 6, 5, 1, 3], [1, 4, 0, 2, 3, 4, 5]]
INFO:Drone 1: assigned wps [(40.791561126708984, -73.9565200805664), (40.78974151611328, -73.95738220214844), (40.79172897338867, -73.9555892944336), (40.78974151611328, -73.95738220214844), (40.790218353271484, -73.95755004882812), (40.79050827026367, -73.95915985107422), (40.791229248046875, -73.96045684814453), (40.79161071777344, -73.96147155761719), (40.791778564453125, -73.96246337890625), (40.7936897277832, -73.9610824584961), (40.79405975341797, -73.95995330810547), (40.794410705566406, -73.95934295654297), (40.79364013671875, -73.95809936523438), (40.794410705566406, -73.95934295654297), (40.79521942138672, -73.95880889892578), (40.796119689941406, -73.95697021484375)]
INFO:Drone 2: Assignment: (Subgraph: set([(1, 2), (10, 11), (5, 6), (15, 16), (9, 10), (2, 3), (17, 18), (11, 12), (1, 31), (16, 17), (8, 9), (6, 7), (12, 13), (7, 8), (13, 14), (3, 29), (4, 5), (14, 15), (3, 4)]), Subgraph: set([(0, 1), (24, 25), (0, 32), (26, 27), (21, 22), (27, 28), (25, 26), (20, 21), (21, 30), (22, 23), (23, 24), (19, 20), (0, 28)]), Subgraph: set([(0, 33), (0, 32), (3, 33), (28, 33), (0, 31), (0, 34)]), Subgraph: set([(29, 30), (18, 32), (18, 19), (29, 34), (29, 32)]))
INFO:Drone 2: [Graph({0: set([1, 19]), 1: set([0, 2]), 2: set([1, 18, 3]), 3: set([2, 4]), 4: set([3, 5]), 5: set([4, 6]), 6: set([5, 7]), 7: set([8, 6]), 8: set([9, 7]), 9: set([8, 10]), 10: set([9, 11]), 11: set([10, 12]), 12: set([11, 13]), 13: set([12, 14]), 14: set([13, 15]), 15: set([16, 14]), 16: set([17, 15]), 17: set([16]), 18: set([2]), 19: set([0])}), Graph({0: set([1]), 1: set([0, 2, 12]), 2: set([1]), 3: set([4]), 4: set([3, 5]), 5: set([4, 13, 6]), 6: set([5, 7]), 7: set([8, 6]), 8: set([9, 7]), 9: set([8, 10]), 10: set([9, 11]), 11: set([10, 12]), 12: set([1, 11]), 13: set([5])}), Graph({0: set([1, 2, 4, 6]), 1: set([0, 3, 5]), 2: set([0]), 3: set([1]), 4: set([0]), 5: set([1]), 6: set([0])}), Graph({0: set([2, 4]), 1: set([4]), 2: set([0, 3]), 3: set([2]), 4: set([0, 1, 5]), 5: set([4])})]
INFO:Drone 2: Starts: [19, 0, 1, 1]
INFO:Drone 2: [[19, 0, 1, 2, 18, 2, 3, 4, 5, 6, 7, 8, 9, 10, 11, 12, 13, 14, 15, 16, 17], [0, 1, 2, 1, 12, 11, 10, 9, 8, 7, 6, 5, 13, 5, 4, 3], [1, 0, 2, 4, 0, 6, 5, 1, 3], [1, 4, 0, 2, 3, 4, 5]]
INFO:Drone 2: assigned wps [(40.791561126708984, -73.9565200805664), (40.78974151611328, -73.95738220214844), (40.791561126708984, -73.9565200805664), (40.791561126708984, -73.9565200805664), (40.78974151611328, -73.95738220214844), (40.791561126708984, -73.9565200805664), (40.790218353271484, -73.95755004882812), (40.791561126708984, -73.9565200805664), (40.794349670410156, -73.95481872558594)]
INFO:Drone 3: Assignment: (Subgraph: set([(1, 2), (10, 11), (5, 6), (15, 16), (9, 10), (2, 3), (17, 18), (11, 12), (1, 31), (16, 17), (8, 9), (6, 7), (12, 13), (7, 8), (13, 14), (3, 29), (4, 5), (14, 15), (3, 4)]), Subgraph: set([(0, 1), (24, 25), (0, 32), (26, 27), (21, 22), (27, 28), (25, 26), (20, 21), (21, 30), (22, 23), (23, 24), (19, 20), (0, 28)]), Subgraph: set([(0, 33), (0, 32), (3, 33), (28, 33), (0, 31), (0, 34)]), Subgraph: set([(29, 30), (18, 32), (18, 19), (29, 34), (29, 32)]))
INFO:Drone 3: [Graph({0: set([1, 19]), 1: set([0, 2]), 2: set([1, 18, 3]), 3: set([2, 4]), 4: set([3, 5]), 5: set([4, 6]), 6: set([5, 7]), 7: set([8, 6]), 8: set([9, 7]), 9: set([8, 10]), 10: set([9, 11]), 11: set([10, 12]), 12: set([11, 13]), 13: set([12, 14]), 14: set([13, 15]), 15: set([16, 14]), 16: set([17, 15]), 17: set([16]), 18: set([2]), 19: set([0])}), Graph({0: set([1]), 1: set([0, 2, 12]), 2: set([1]), 3: set([4]), 4: set([3, 5]), 5: set([4, 13, 6]), 6: set([5, 7]), 7: set([8, 6]), 8: set([9, 7]), 9: set([8, 10]), 10: set([9, 11]), 11: set([10, 12]), 12: set([1, 11]), 13: set([5])}), Graph({0: set([1, 2, 4, 6]), 1: set([0, 3, 5]), 2: set([0]), 3: set([1]), 4: set([0]), 5: set([1]), 6: set([0])}), Graph({0: set([2, 4]), 1: set([4]), 2: set([0, 3]), 3: set([2]), 4: set([0, 1, 5]), 5: set([4])})]
INFO:Drone 3: Starts: [19, 0, 1, 1]
INFO:Drone 3: [[19, 0, 1, 2, 18, 2, 3, 4, 5, 6, 7, 8, 9, 10, 11, 12, 13, 14, 15, 16, 17], [0, 1, 2, 1, 12, 11, 10, 9, 8, 7, 6, 5, 13, 5, 4, 3], [1, 0, 2, 4, 0, 6, 5, 1, 3], [1, 4, 0, 2, 3, 4, 5]]
INFO:Drone 3: assigned wps [(40.791561126708984, -73.9565200805664), (40.794471740722656, -73.95575714111328), (40.791561126708984, -73.9565200805664), (40.79779815673828, -73.95719909667969), (40.796119689941406, -73.95697021484375), (40.794471740722656, -73.95575714111328), (40.79364013671875, -73.95809936523438)]
INFO:Drone 0: Assignment: (Subgraph: set([(1, 2), (10, 11), (5, 6), (15, 16), (9, 10), (2, 3), (17, 18), (11, 12), (1, 31), (16, 17), (8, 9), (6, 7), (12, 13), (7, 8), (13, 14), (3, 29), (4, 5), (14, 15), (3, 4)]), Subgraph: set([(0, 1), (24, 25), (0, 32), (26, 27), (21, 22), (27, 28), (25, 26), (20, 21), (21, 30), (22, 23), (23, 24), (19, 20), (0, 28)]), Subgraph: set([(0, 33), (0, 32), (3, 33), (28, 33), (0, 31), (0, 34)]), Subgraph: set([(29, 30), (18, 32), (18, 19), (29, 34), (29, 32)]))
INFO:Drone 0: [Graph({0: set([1, 19]), 1: set([0, 2]), 2: set([1, 18, 3]), 3: set([2, 4]), 4: set([3, 5]), 5: set([4, 6]), 6: set([5, 7]), 7: set([8, 6]), 8: set([9, 7]), 9: set([8, 10]), 10: set([9, 11]), 11: set([10, 12]), 12: set([11, 13]), 13: set([12, 14]), 14: set([13, 15]), 15: set([16, 14]), 16: set([17, 15]), 17: set([16]), 18: set([2]), 19: set([0])}), Graph({0: set([1]), 1: set([0, 2, 12]), 2: set([1]), 3: set([4]), 4: set([3, 5]), 5: set([4, 13, 6]), 6: set([5, 7]), 7: set([8, 6]), 8: set([9, 7]), 9: set([8, 10]), 10: set([9, 11]), 11: set([10, 12]), 12: set([1, 11]), 13: set([5])}), Graph({0: set([1, 2, 4, 6]), 1: set([0, 3, 5]), 2: set([0]), 3: set([1]), 4: set([0]), 5: set([1]), 6: set([0])}), Graph({0: set([2, 4]), 1: set([4]), 2: set([0, 3]), 3: set([2]), 4: set([0, 1, 5]), 5: set([4])})]
INFO:Drone 0: Starts: [19, 0, 1, 1]
INFO:Drone 0: [[19, 0, 1, 2, 18, 2, 3, 4, 5, 6, 7, 8, 9, 10, 11, 12, 13, 14, 15, 16, 17], [0, 1, 2, 1, 12, 11, 10, 9, 8, 7, 6, 5, 13, 5, 4, 3], [1, 0, 2, 4, 0, 6, 5, 1, 3], [1, 4, 0, 2, 3, 4, 5]]
INFO:Drone 0: assigned wps [(40.791561126708984, -73.9565200805664), (40.79172897338867, -73.9555892944336), (40.792640686035156, -73.95500183105469), (40.794349670410156, -73.95481872558594), (40.794471740722656, -73.95575714111328), (40.794349670410156, -73.95481872558594), (40.79492950439453, -73.95426177978516), (40.79526138305664, -73.95352935791016), (40.795528411865234, -73.95333862304688), (40.79595184326172, -73.95365142822266), (40.7959098815918, -73.95439147949219), (40.7955207824707, -73.95498657226562), (40.795650482177734, -73.95558166503906), (40.79623031616211, -73.95565795898438), (40.797691345214844, -73.9543685913086), (40.79841995239258, -73.95442962646484), (40.799171447753906, -73.95568084716797), (40.79957962036133, -73.95787048339844), (40.79875946044922, -73.95855712890625), (40.798370361328125, -73.95819854736328), (40.79779815673828, -73.95719909667969)]
INFO:Drone 0: At WP 0 (40.791561126708984, -73.9565200805664)
INFO:Drone 0: Going to next wp
INFO:Drone 0: Next: (40.79172897338867, -73.9555892944336)
INFO:Drone 1: At WP 0 (40.791561126708984, -73.9565200805664)
INFO:Drone 1: Going to next wp
INFO:Drone 1: Next: (40.78974151611328, -73.95738220214844)
INFO:Drone 0: At WP 1 (40.79172897338867, -73.9555892944336)
INFO:Drone 0: Going to next wp
INFO:Drone 0: Next: (40.792640686035156, -73.95500183105469)
INFO:Drone 2: At WP 0 (40.791561126708984, -73.9565200805664)
INFO:Drone 2: Going to next wp
INFO:Drone 2: Next: (40.78974151611328, -73.95738220214844)
INFO:Drone 3: At WP 0 (40.791561126708984, -73.9565200805664)
INFO:Drone 3: Going to next wp
INFO:Drone 3: Next: (40.794471740722656, -73.95575714111328)
INFO:MODEL: Analyzed Road: 1 2
INFO:Drone 0: set([(10, 11), (23, 24), (5, 6), (8, 9), (18, 19), (22, 23), (6, 7), (12, 13), (19, 20), (25, 26), (29, 30), (20, 21), (27, 28), (17, 18), (4, 5), (3, 29), (9, 10), (2, 3), (3, 4), (11, 12), (16, 17), (0, 1), (21, 30), (26, 27), (21, 22), (15, 16), (24, 25), (13, 14), (28, 0), (14, 15), (7, 8)])
INFO:Drone 1: Received Analzed Message! Removing: 1 2
INFO:Drone 1: set([(10, 11), (23, 24), (5, 6), (8, 9), (18, 19), (22, 23), (6, 7), (12, 13), (19, 20), (25, 26), (29, 30), (20, 21), (27, 28), (17, 18), (4, 5), (3, 29), (9, 10), (2, 3), (3, 4), (11, 12), (16, 17), (0, 1), (21, 30), (26, 27), (21, 22), (15, 16), (24, 25), (13, 14), (28, 0), (14, 15), (7, 8)])
INFO:Drone 2: Received Analzed Message! Removing: 1 2
INFO:Drone 2: set([(10, 11), (23, 24), (5, 6), (8, 9), (18, 19), (22, 23), (6, 7), (12, 13), (19, 20), (25, 26), (29, 30), (20, 21), (27, 28), (17, 18), (4, 5), (3, 29), (9, 10), (2, 3), (3, 4), (11, 12), (16, 17), (0, 1), (21, 30), (26, 27), (21, 22), (15, 16), (24, 25), (13, 14), (28, 0), (14, 15), (7, 8)])
INFO:Drone 3: Received Analzed Message! Removing: 1 2
INFO:Drone 3: set([(10, 11), (23, 24), (5, 6), (8, 9), (18, 19), (22, 23), (6, 7), (12, 13), (19, 20), (25, 26), (29, 30), (20, 21), (27, 28), (17, 18), (4, 5), (3, 29), (9, 10), (2, 3), (3, 4), (11, 12), (16, 17), (0, 1), (21, 30), (26, 27), (21, 22), (15, 16), (24, 25), (13, 14), (28, 0), (14, 15), (7, 8)])
INFO:Drone 0: At WP 2 (40.792640686035156, -73.95500183105469)
INFO:Drone 0: Going to next wp
INFO:Drone 0: Next: (40.794349670410156, -73.95481872558594)
INFO:Drone 1: At WP 1 (40.78974151611328, -73.95738220214844)
INFO:Drone 1: Going to next wp
INFO:Drone 1: Next: (40.79172897338867, -73.9555892944336)
INFO:Drone 2: At WP 1 (40.78974151611328, -73.95738220214844)
INFO:Drone 2: Going to next wp
INFO:Drone 2: Next: (40.791561126708984, -73.9565200805664)
INFO:MODEL: Analyzed Road: 2 3
INFO:Drone 0: set([(10, 11), (23, 24), (5, 6), (8, 9), (18, 19), (22, 23), (6, 7), (12, 13), (19, 20), (25, 26), (29, 30), (20, 21), (27, 28), (17, 18), (4, 5), (3, 29), (9, 10), (3, 4), (11, 12), (16, 17), (0, 1), (21, 30), (26, 27), (21, 22), (15, 16), (24, 25), (13, 14), (28, 0), (14, 15), (7, 8)])
INFO:Drone 2: Received Analzed Message! Removing: 2 3
INFO:Drone 2: set([(10, 11), (23, 24), (5, 6), (8, 9), (18, 19), (22, 23), (6, 7), (12, 13), (19, 20), (25, 26), (29, 30), (20, 21), (27, 28), (17, 18), (4, 5), (3, 29), (9, 10), (3, 4), (11, 12), (16, 17), (0, 1), (21, 30), (26, 27), (21, 22), (15, 16), (24, 25), (13, 14), (28, 0), (14, 15), (7, 8)])
INFO:Drone 1: Received Analzed Message! Removing: 2 3
INFO:Drone 1: set([(10, 11), (23, 24), (5, 6), (8, 9), (18, 19), (22, 23), (6, 7), (12, 13), (19, 20), (25, 26), (29, 30), (20, 21), (27, 28), (17, 18), (4, 5), (3, 29), (9, 10), (3, 4), (11, 12), (16, 17), (0, 1), (21, 30), (26, 27), (21, 22), (15, 16), (24, 25), (13, 14), (28, 0), (14, 15), (7, 8)])
INFO:Drone 3: Received Analzed Message! Removing: 2 3
INFO:Drone 3: set([(10, 11), (23, 24), (5, 6), (8, 9), (18, 19), (22, 23), (6, 7), (12, 13), (19, 20), (25, 26), (29, 30), (20, 21), (27, 28), (17, 18), (4, 5), (3, 29), (9, 10), (3, 4), (11, 12), (16, 17), (0, 1), (21, 30), (26, 27), (21, 22), (15, 16), (24, 25), (13, 14), (28, 0), (14, 15), (7, 8)])
INFO:Drone 0: At WP 3 (40.794349670410156, -73.95481872558594)
INFO:Drone 0: Going to next wp
INFO:Drone 0: Next: (40.794471740722656, -73.95575714111328)
INFO:Drone 3: At WP 1 (40.794471740722656, -73.95575714111328)
INFO:Drone 3: Going to next wp
INFO:Drone 3: Next: (40.791561126708984, -73.9565200805664)
INFO:MODEL: Analyzed Road: 0 1
INFO:Drone 1: set([(10, 11), (23, 24), (5, 6), (8, 9), (18, 19), (22, 23), (6, 7), (12, 13), (19, 20), (25, 26), (29, 30), (20, 21), (27, 28), (17, 18), (4, 5), (3, 29), (9, 10), (3, 4), (11, 12), (16, 17), (21, 30), (26, 27), (21, 22), (15, 16), (24, 25), (13, 14), (28, 0), (14, 15), (7, 8)])
INFO:Drone 2: Received Analzed Message! Removing: 0 1
INFO:Drone 2: set([(10, 11), (23, 24), (5, 6), (8, 9), (18, 19), (22, 23), (6, 7), (12, 13), (19, 20), (25, 26), (29, 30), (20, 21), (27, 28), (17, 18), (4, 5), (3, 29), (9, 10), (3, 4), (11, 12), (16, 17), (21, 30), (26, 27), (21, 22), (15, 16), (24, 25), (13, 14), (28, 0), (14, 15), (7, 8)])
INFO:Drone 3: Received Analzed Message! Removing: 0 1
INFO:Drone 3: set([(10, 11), (23, 24), (5, 6), (8, 9), (18, 19), (22, 23), (6, 7), (12, 13), (19, 20), (25, 26), (29, 30), (20, 21), (27, 28), (17, 18), (4, 5), (3, 29), (9, 10), (3, 4), (11, 12), (16, 17), (21, 30), (26, 27), (21, 22), (15, 16), (24, 25), (13, 14), (28, 0), (14, 15), (7, 8)])
INFO:Drone 0: Received Analzed Message! Removing: 0 1
INFO:Drone 0: set([(10, 11), (23, 24), (5, 6), (8, 9), (18, 19), (22, 23), (6, 7), (12, 13), (19, 20), (25, 26), (29, 30), (20, 21), (27, 28), (17, 18), (4, 5), (3, 29), (9, 10), (3, 4), (11, 12), (16, 17), (21, 30), (26, 27), (21, 22), (15, 16), (24, 25), (13, 14), (28, 0), (14, 15), (7, 8)])
INFO:Drone 1: At WP 2 (40.79172897338867, -73.9555892944336)
INFO:Drone 1: Going to next wp
INFO:Drone 1: Next: (40.78974151611328, -73.95738220214844)
INFO:MODEL: Analyzed Road: 3 29
INFO:Drone 0: set([(10, 11), (23, 24), (5, 6), (8, 9), (18, 19), (22, 23), (6, 7), (12, 13), (19, 20), (25, 26), (29, 30), (20, 21), (27, 28), (17, 18), (4, 5), (9, 10), (3, 4), (11, 12), (16, 17), (21, 30), (26, 27), (21, 22), (15, 16), (24, 25), (13, 14), (28, 0), (14, 15), (7, 8)])
INFO:Drone 2: Received Analzed Message! Removing: 3 29
INFO:Drone 2: set([(10, 11), (23, 24), (5, 6), (8, 9), (18, 19), (22, 23), (6, 7), (12, 13), (19, 20), (25, 26), (29, 30), (20, 21), (27, 28), (17, 18), (4, 5), (9, 10), (3, 4), (11, 12), (16, 17), (21, 30), (26, 27), (21, 22), (15, 16), (24, 25), (13, 14), (28, 0), (14, 15), (7, 8)])
INFO:Drone 1: Received Analzed Message! Removing: 3 29
INFO:Drone 1: set([(10, 11), (23, 24), (5, 6), (8, 9), (18, 19), (22, 23), (6, 7), (12, 13), (19, 20), (25, 26), (29, 30), (20, 21), (27, 28), (17, 18), (4, 5), (9, 10), (3, 4), (11, 12), (16, 17), (21, 30), (26, 27), (21, 22), (15, 16), (24, 25), (13, 14), (28, 0), (14, 15), (7, 8)])
INFO:Drone 3: Received Analzed Message! Removing: 3 29
INFO:Drone 3: set([(10, 11), (23, 24), (5, 6), (8, 9), (18, 19), (22, 23), (6, 7), (12, 13), (19, 20), (25, 26), (29, 30), (20, 21), (27, 28), (17, 18), (4, 5), (9, 10), (3, 4), (11, 12), (16, 17), (21, 30), (26, 27), (21, 22), (15, 16), (24, 25), (13, 14), (28, 0), (14, 15), (7, 8)])
INFO:Drone 0: At WP 4 (40.794471740722656, -73.95575714111328)
INFO:Drone 0: Going to next wp
INFO:Drone 0: Next: (40.794349670410156, -73.95481872558594)
INFO:Drone 2: At WP 2 (40.791561126708984, -73.9565200805664)
INFO:Drone 2: Going to next wp
INFO:Drone 2: Next: (40.791561126708984, -73.9565200805664)
INFO:Drone 2: At WP 3 (40.791561126708984, -73.9565200805664)
INFO:Drone 2: Going to next wp
INFO:Drone 2: Next: (40.78974151611328, -73.95738220214844)
INFO:Drone 0: At WP 5 (40.794349670410156, -73.95481872558594)
INFO:Drone 0: Going to next wp
INFO:Drone 0: Next: (40.79492950439453, -73.95426177978516)
INFO:Drone 3: At WP 2 (40.791561126708984, -73.9565200805664)
INFO:Drone 3: Going to next wp
INFO:Drone 3: Next: (40.79779815673828, -73.95719909667969)
INFO:Drone 1: At WP 3 (40.78974151611328, -73.95738220214844)
INFO:Drone 1: Going to next wp
INFO:Drone 1: Next: (40.790218353271484, -73.95755004882812)
INFO:MODEL: Analyzed Road: 3 4
INFO:Drone 0: set([(10, 11), (23, 24), (5, 6), (8, 9), (18, 19), (22, 23), (6, 7), (12, 13), (19, 20), (25, 26), (29, 30), (20, 21), (27, 28), (17, 18), (4, 5), (9, 10), (11, 12), (16, 17), (21, 30), (26, 27), (21, 22), (15, 16), (24, 25), (13, 14), (28, 0), (14, 15), (7, 8)])
INFO:Drone 1: Received Analzed Message! Removing: 3 4
INFO:Drone 1: set([(10, 11), (23, 24), (5, 6), (8, 9), (18, 19), (22, 23), (6, 7), (12, 13), (19, 20), (25, 26), (29, 30), (20, 21), (27, 28), (17, 18), (4, 5), (9, 10), (11, 12), (16, 17), (21, 30), (26, 27), (21, 22), (15, 16), (24, 25), (13, 14), (28, 0), (14, 15), (7, 8)])
INFO:Drone 2: Received Analzed Message! Removing: 3 4
INFO:Drone 2: set([(10, 11), (23, 24), (5, 6), (8, 9), (18, 19), (22, 23), (6, 7), (12, 13), (19, 20), (25, 26), (29, 30), (20, 21), (27, 28), (17, 18), (4, 5), (9, 10), (11, 12), (16, 17), (21, 30), (26, 27), (21, 22), (15, 16), (24, 25), (13, 14), (28, 0), (14, 15), (7, 8)])
INFO:Drone 3: Received Analzed Message! Removing: 3 4
INFO:Drone 3: set([(10, 11), (23, 24), (5, 6), (8, 9), (18, 19), (22, 23), (6, 7), (12, 13), (19, 20), (25, 26), (29, 30), (20, 21), (27, 28), (17, 18), (4, 5), (9, 10), (11, 12), (16, 17), (21, 30), (26, 27), (21, 22), (15, 16), (24, 25), (13, 14), (28, 0), (14, 15), (7, 8)])
INFO:Drone 0: At WP 6 (40.79492950439453, -73.95426177978516)
INFO:Drone 0: Going to next wp
INFO:Drone 0: Next: (40.79526138305664, -73.95352935791016)
INFO:MODEL: Analyzed Road: 0 28
INFO:Drone 1: set([(10, 11), (23, 24), (5, 6), (8, 9), (18, 19), (22, 23), (6, 7), (12, 13), (19, 20), (25, 26), (29, 30), (20, 21), (27, 28), (17, 18), (4, 5), (9, 10), (11, 12), (16, 17), (21, 30), (26, 27), (21, 22), (15, 16), (24, 25), (13, 14), (14, 15), (7, 8)])
INFO:Drone 2: Received Analzed Message! Removing: 0 28
INFO:Drone 2: set([(10, 11), (23, 24), (5, 6), (8, 9), (18, 19), (22, 23), (6, 7), (12, 13), (19, 20), (25, 26), (29, 30), (20, 21), (27, 28), (17, 18), (4, 5), (9, 10), (11, 12), (16, 17), (21, 30), (26, 27), (21, 22), (15, 16), (24, 25), (13, 14), (14, 15), (7, 8)])
INFO:Drone 3: Received Analzed Message! Removing: 0 28
INFO:Drone 3: set([(10, 11), (23, 24), (5, 6), (8, 9), (18, 19), (22, 23), (6, 7), (12, 13), (19, 20), (25, 26), (29, 30), (20, 21), (27, 28), (17, 18), (4, 5), (9, 10), (11, 12), (16, 17), (21, 30), (26, 27), (21, 22), (15, 16), (24, 25), (13, 14), (14, 15), (7, 8)])
INFO:Drone 0: Received Analzed Message! Removing: 0 28
INFO:Drone 0: set([(10, 11), (23, 24), (5, 6), (8, 9), (18, 19), (22, 23), (6, 7), (12, 13), (19, 20), (25, 26), (29, 30), (20, 21), (27, 28), (17, 18), (4, 5), (9, 10), (11, 12), (16, 17), (21, 30), (26, 27), (21, 22), (15, 16), (24, 25), (13, 14), (14, 15), (7, 8)])
INFO:Drone 1: At WP 4 (40.790218353271484, -73.95755004882812)
INFO:Drone 1: Going to next wp
INFO:Drone 1: Next: (40.79050827026367, -73.95915985107422)
INFO:Drone 2: At WP 4 (40.78974151611328, -73.95738220214844)
INFO:Drone 2: Going to next wp
INFO:Drone 2: Next: (40.791561126708984, -73.9565200805664)
INFO:MODEL: Analyzed Road: 4 5
INFO:Drone 0: set([(10, 11), (23, 24), (5, 6), (8, 9), (18, 19), (22, 23), (6, 7), (12, 13), (19, 20), (25, 26), (29, 30), (20, 21), (27, 28), (17, 18), (9, 10), (11, 12), (16, 17), (21, 30), (26, 27), (21, 22), (15, 16), (24, 25), (13, 14), (14, 15), (7, 8)])
INFO:Drone 2: Received Analzed Message! Removing: 4 5
INFO:Drone 2: set([(10, 11), (23, 24), (5, 6), (8, 9), (18, 19), (22, 23), (6, 7), (12, 13), (19, 20), (25, 26), (29, 30), (20, 21), (27, 28), (17, 18), (9, 10), (11, 12), (16, 17), (21, 30), (26, 27), (21, 22), (15, 16), (24, 25), (13, 14), (14, 15), (7, 8)])
INFO:Drone 1: Received Analzed Message! Removing: 4 5
INFO:Drone 3: Received Analzed Message! Removing: 4 5
INFO:Drone 3: set([(10, 11), (23, 24), (5, 6), (8, 9), (18, 19), (22, 23), (6, 7), (12, 13), (19, 20), (25, 26), (29, 30), (20, 21), (27, 28), (17, 18), (9, 10), (11, 12), (16, 17), (21, 30), (26, 27), (21, 22), (15, 16), (24, 25), (13, 14), (14, 15), (7, 8)])
INFO:Drone 1: set([(10, 11), (23, 24), (5, 6), (8, 9), (18, 19), (22, 23), (6, 7), (12, 13), (19, 20), (25, 26), (29, 30), (20, 21), (27, 28), (17, 18), (9, 10), (11, 12), (16, 17), (21, 30), (26, 27), (21, 22), (15, 16), (24, 25), (13, 14), (14, 15), (7, 8)])
INFO:Drone 0: At WP 7 (40.79526138305664, -73.95352935791016)
INFO:Drone 0: Going to next wp
INFO:Drone 0: Next: (40.795528411865234, -73.95333862304688)
INFO:MODEL: Analyzed Road: 5 6
INFO:Drone 0: set([(10, 11), (23, 24), (8, 9), (18, 19), (22, 23), (6, 7), (12, 13), (19, 20), (25, 26), (29, 30), (20, 21), (27, 28), (17, 18), (9, 10), (11, 12), (16, 17), (21, 30), (26, 27), (21, 22), (15, 16), (24, 25), (13, 14), (14, 15), (7, 8)])
INFO:Drone 2: Received Analzed Message! Removing: 5 6
INFO:Drone 3: Received Analzed Message! Removing: 5 6
INFO:Drone 2: set([(10, 11), (23, 24), (8, 9), (18, 19), (22, 23), (6, 7), (12, 13), (19, 20), (25, 26), (29, 30), (20, 21), (27, 28), (17, 18), (9, 10), (11, 12), (16, 17), (21, 30), (26, 27), (21, 22), (15, 16), (24, 25), (13, 14), (14, 15), (7, 8)])
INFO:Drone 3: set([(10, 11), (23, 24), (8, 9), (18, 19), (22, 23), (6, 7), (12, 13), (19, 20), (25, 26), (29, 30), (20, 21), (27, 28), (17, 18), (9, 10), (11, 12), (16, 17), (21, 30), (26, 27), (21, 22), (15, 16), (24, 25), (13, 14), (14, 15), (7, 8)])
INFO:Drone 1: Received Analzed Message! Removing: 5 6
INFO:Drone 1: set([(10, 11), (23, 24), (8, 9), (18, 19), (22, 23), (6, 7), (12, 13), (19, 20), (25, 26), (29, 30), (20, 21), (27, 28), (17, 18), (9, 10), (11, 12), (16, 17), (21, 30), (26, 27), (21, 22), (15, 16), (24, 25), (13, 14), (14, 15), (7, 8)])
INFO:Drone 0: At WP 8 (40.795528411865234, -73.95333862304688)
INFO:Drone 0: Going to next wp
INFO:Drone 0: Next: (40.79595184326172, -73.95365142822266)
INFO:MODEL: Analyzed Road: 6 7
INFO:Drone 0: set([(10, 11), (23, 24), (8, 9), (18, 19), (22, 23), (12, 13), (19, 20), (25, 26), (29, 30), (20, 21), (27, 28), (17, 18), (9, 10), (11, 12), (16, 17), (21, 30), (26, 27), (21, 22), (15, 16), (24, 25), (13, 14), (14, 15), (7, 8)])
INFO:Drone 1: Received Analzed Message! Removing: 6 7
INFO:Drone 1: set([(10, 11), (23, 24), (8, 9), (18, 19), (22, 23), (12, 13), (19, 20), (25, 26), (29, 30), (20, 21), (27, 28), (17, 18), (9, 10), (11, 12), (16, 17), (21, 30), (26, 27), (21, 22), (15, 16), (24, 25), (13, 14), (14, 15), (7, 8)])
INFO:Drone 2: Received Analzed Message! Removing: 6 7
INFO:Drone 2: set([(10, 11), (23, 24), (8, 9), (18, 19), (22, 23), (12, 13), (19, 20), (25, 26), (29, 30), (20, 21), (27, 28), (17, 18), (9, 10), (11, 12), (16, 17), (21, 30), (26, 27), (21, 22), (15, 16), (24, 25), (13, 14), (14, 15), (7, 8)])
INFO:Drone 3: Received Analzed Message! Removing: 6 7
INFO:Drone 3: set([(10, 11), (23, 24), (8, 9), (18, 19), (22, 23), (12, 13), (19, 20), (25, 26), (29, 30), (20, 21), (27, 28), (17, 18), (9, 10), (11, 12), (16, 17), (21, 30), (26, 27), (21, 22), (15, 16), (24, 25), (13, 14), (14, 15), (7, 8)])
INFO:MODEL: Analyzed Road: 28 27
INFO:Drone 1: set([(10, 11), (23, 24), (8, 9), (18, 19), (22, 23), (12, 13), (19, 20), (25, 26), (29, 30), (20, 21), (17, 18), (9, 10), (11, 12), (16, 17), (21, 30), (26, 27), (21, 22), (15, 16), (24, 25), (13, 14), (14, 15), (7, 8)])
INFO:Drone 2: Received Analzed Message! Removing: 28 27
INFO:Drone 2: set([(10, 11), (23, 24), (8, 9), (18, 19), (22, 23), (12, 13), (19, 20), (25, 26), (29, 30), (20, 21), (17, 18), (9, 10), (11, 12), (16, 17), (21, 30), (26, 27), (21, 22), (15, 16), (24, 25), (13, 14), (14, 15), (7, 8)])
INFO:Drone 3: Received Analzed Message! Removing: 28 27
INFO:Drone 3: set([(10, 11), (23, 24), (8, 9), (18, 19), (22, 23), (12, 13), (19, 20), (25, 26), (29, 30), (20, 21), (17, 18), (9, 10), (11, 12), (16, 17), (21, 30), (26, 27), (21, 22), (15, 16), (24, 25), (13, 14), (14, 15), (7, 8)])
INFO:Drone 0: At WP 9 (40.79595184326172, -73.95365142822266)
INFO:Drone 0: Going to next wp
INFO:Drone 0: Next: (40.7959098815918, -73.95439147949219)
INFO:Drone 0: Received Analzed Message! Removing: 28 27
INFO:Drone 0: set([(10, 11), (23, 24), (8, 9), (18, 19), (22, 23), (12, 13), (19, 20), (25, 26), (29, 30), (20, 21), (17, 18), (9, 10), (11, 12), (16, 17), (21, 30), (26, 27), (21, 22), (15, 16), (24, 25), (13, 14), (14, 15), (7, 8)])
INFO:Drone 1: At WP 5 (40.79050827026367, -73.95915985107422)
INFO:Drone 1: Going to next wp
INFO:Drone 1: Next: (40.791229248046875, -73.96045684814453)
INFO:Drone 2: At WP 5 (40.791561126708984, -73.9565200805664)
INFO:Drone 2: Going to next wp
INFO:Drone 2: Next: (40.790218353271484, -73.95755004882812)
INFO:MODEL: Analyzed Road: 7 8
INFO:Drone 3: Received Analzed Message! Removing: 7 8
INFO:Drone 2: Received Analzed Message! Removing: 7 8
INFO:Drone 0: set([(10, 11), (23, 24), (8, 9), (18, 19), (22, 23), (12, 13), (19, 20), (25, 26), (29, 30), (20, 21), (17, 18), (9, 10), (11, 12), (16, 17), (21, 30), (26, 27), (21, 22), (15, 16), (24, 25), (13, 14), (14, 15)])
INFO:Drone 2: set([(10, 11), (23, 24), (8, 9), (18, 19), (22, 23), (12, 13), (19, 20), (25, 26), (29, 30), (20, 21), (17, 18), (9, 10), (11, 12), (16, 17), (21, 30), (26, 27), (21, 22), (15, 16), (24, 25), (13, 14), (14, 15)])
INFO:Drone 1: Received Analzed Message! Removing: 7 8
INFO:Drone 3: set([(10, 11), (23, 24), (8, 9), (18, 19), (22, 23), (12, 13), (19, 20), (25, 26), (29, 30), (20, 21), (17, 18), (9, 10), (11, 12), (16, 17), (21, 30), (26, 27), (21, 22), (15, 16), (24, 25), (13, 14), (14, 15)])
INFO:Drone 1: set([(10, 11), (23, 24), (8, 9), (18, 19), (22, 23), (12, 13), (19, 20), (25, 26), (29, 30), (20, 21), (17, 18), (9, 10), (11, 12), (16, 17), (21, 30), (26, 27), (21, 22), (15, 16), (24, 25), (13, 14), (14, 15)])
INFO:Drone 0: At WP 10 (40.7959098815918, -73.95439147949219)
INFO:Drone 0: Going to next wp
INFO:Drone 0: Next: (40.7955207824707, -73.95498657226562)
INFO:MODEL: Analyzed Road: 27 26
INFO:Drone 1: set([(10, 11), (23, 24), (8, 9), (18, 19), (22, 23), (12, 13), (19, 20), (25, 26), (29, 30), (20, 21), (17, 18), (9, 10), (11, 12), (16, 17), (21, 30), (21, 22), (15, 16), (24, 25), (13, 14), (14, 15)])
INFO:Drone 2: Received Analzed Message! Removing: 27 26
INFO:Drone 2: set([(10, 11), (23, 24), (8, 9), (18, 19), (22, 23), (12, 13), (19, 20), (25, 26), (29, 30), (20, 21), (17, 18), (9, 10), (11, 12), (16, 17), (21, 30), (21, 22), (15, 16), (24, 25), (13, 14), (14, 15)])
INFO:Drone 3: Received Analzed Message! Removing: 27 26
INFO:Drone 3: set([(10, 11), (23, 24), (8, 9), (18, 19), (22, 23), (12, 13), (19, 20), (25, 26), (29, 30), (20, 21), (17, 18), (9, 10), (11, 12), (16, 17), (21, 30), (21, 22), (15, 16), (24, 25), (13, 14), (14, 15)])
INFO:Drone 0: Received Analzed Message! Removing: 27 26
INFO:Drone 0: set([(10, 11), (23, 24), (8, 9), (18, 19), (22, 23), (12, 13), (19, 20), (25, 26), (29, 30), (20, 21), (17, 18), (9, 10), (11, 12), (16, 17), (21, 30), (21, 22), (15, 16), (24, 25), (13, 14), (14, 15)])
INFO:Drone 1: At WP 6 (40.791229248046875, -73.96045684814453)
INFO:Drone 1: Going to next wp
INFO:Drone 1: Next: (40.79161071777344, -73.96147155761719)
INFO:MODEL: Analyzed Road: 8 9
INFO:Drone 0: set([(10, 11), (23, 24), (18, 19), (22, 23), (12, 13), (19, 20), (25, 26), (29, 30), (20, 21), (17, 18), (9, 10), (11, 12), (16, 17), (21, 30), (21, 22), (15, 16), (24, 25), (13, 14), (14, 15)])
INFO:Drone 1: Received Analzed Message! Removing: 8 9
INFO:Drone 1: set([(10, 11), (23, 24), (18, 19), (22, 23), (12, 13), (19, 20), (25, 26), (29, 30), (20, 21), (17, 18), (9, 10), (11, 12), (16, 17), (21, 30), (21, 22), (15, 16), (24, 25), (13, 14), (14, 15)])
INFO:Drone 2: Received Analzed Message! Removing: 8 9
INFO:Drone 2: set([(10, 11), (23, 24), (18, 19), (22, 23), (12, 13), (19, 20), (25, 26), (29, 30), (20, 21), (17, 18), (9, 10), (11, 12), (16, 17), (21, 30), (21, 22), (15, 16), (24, 25), (13, 14), (14, 15)])
INFO:Drone 3: Received Analzed Message! Removing: 8 9
INFO:Drone 3: set([(10, 11), (23, 24), (18, 19), (22, 23), (12, 13), (19, 20), (25, 26), (29, 30), (20, 21), (17, 18), (9, 10), (11, 12), (16, 17), (21, 30), (21, 22), (15, 16), (24, 25), (13, 14), (14, 15)])
INFO:Drone 0: At WP 11 (40.7955207824707, -73.95498657226562)
INFO:Drone 0: Going to next wp
INFO:Drone 0: Next: (40.795650482177734, -73.95558166503906)
INFO:Drone 3: At WP 3 (40.79779815673828, -73.95719909667969)
INFO:Drone 3: Going to next wp
INFO:Drone 3: Next: (40.796119689941406, -73.95697021484375)
INFO:Drone 2: At WP 6 (40.790218353271484, -73.95755004882812)
INFO:Drone 2: Going to next wp
INFO:Drone 2: Next: (40.791561126708984, -73.9565200805664)
INFO:MODEL: Analyzed Road: 26 25
INFO:Drone 1: set([(10, 11), (23, 24), (18, 19), (22, 23), (12, 13), (19, 20), (29, 30), (20, 21), (17, 18), (9, 10), (11, 12), (16, 17), (21, 30), (21, 22), (15, 16), (24, 25), (13, 14), (14, 15)])
INFO:Drone 2: Received Analzed Message! Removing: 26 25
INFO:Drone 3: Received Analzed Message! Removing: 26 25
INFO:Drone 2: set([(10, 11), (23, 24), (18, 19), (22, 23), (12, 13), (19, 20), (29, 30), (20, 21), (17, 18), (9, 10), (11, 12), (16, 17), (21, 30), (21, 22), (15, 16), (24, 25), (13, 14), (14, 15)])
INFO:Drone 3: set([(10, 11), (23, 24), (18, 19), (22, 23), (12, 13), (19, 20), (29, 30), (20, 21), (17, 18), (9, 10), (11, 12), (16, 17), (21, 30), (21, 22), (15, 16), (24, 25), (13, 14), (14, 15)])
INFO:Drone 0: Received Analzed Message! Removing: 26 25
INFO:Drone 0: set([(10, 11), (23, 24), (18, 19), (22, 23), (12, 13), (19, 20), (29, 30), (20, 21), (17, 18), (9, 10), (11, 12), (16, 17), (21, 30), (21, 22), (15, 16), (24, 25), (13, 14), (14, 15)])
INFO:Drone 1: At WP 7 (40.79161071777344, -73.96147155761719)
INFO:Drone 1: Going to next wp
INFO:Drone 1: Next: (40.791778564453125, -73.96246337890625)
INFO:MODEL: Analyzed Road: 9 10
INFO:Drone 0: set([(10, 11), (23, 24), (18, 19), (22, 23), (12, 13), (19, 20), (29, 30), (20, 21), (17, 18), (11, 12), (16, 17), (21, 30), (21, 22), (15, 16), (24, 25), (13, 14), (14, 15)])
INFO:Drone 1: Received Analzed Message! Removing: 9 10
INFO:Drone 2: set([(10, 11), (23, 24), (18, 19), (22, 23), (12, 13), (19, 20), (29, 30), (20, 21), (17, 18), (11, 12), (16, 17), (21, 30), (21, 22), (15, 16), (24, 25), (13, 14), (14, 15)])
INFO:Drone 2: Received Analzed Message! Removing: 9 10
INFO:Drone 3: Received Analzed Message! Removing: 9 10
INFO:Drone 1: set([(10, 11), (23, 24), (18, 19), (22, 23), (12, 13), (19, 20), (29, 30), (20, 21), (17, 18), (11, 12), (16, 17), (21, 30), (21, 22), (15, 16), (24, 25), (13, 14), (14, 15)])
INFO:Drone 3: set([(10, 11), (23, 24), (18, 19), (22, 23), (12, 13), (19, 20), (29, 30), (20, 21), (17, 18), (11, 12), (16, 17), (21, 30), (21, 22), (15, 16), (24, 25), (13, 14), (14, 15)])
INFO:Drone 0: At WP 12 (40.795650482177734, -73.95558166503906)
INFO:Drone 0: Going to next wp
INFO:Drone 0: Next: (40.79623031616211, -73.95565795898438)
INFO:MODEL: Analyzed Road: 10 11
INFO:Drone 0: set([(23, 24), (18, 19), (22, 23), (12, 13), (19, 20), (29, 30), (20, 21), (17, 18), (11, 12), (16, 17), (21, 30), (21, 22), (15, 16), (24, 25), (13, 14), (14, 15)])
INFO:Drone 1: Received Analzed Message! Removing: 10 11
INFO:Drone 1: set([(23, 24), (18, 19), (22, 23), (12, 13), (19, 20), (29, 30), (20, 21), (17, 18), (11, 12), (16, 17), (21, 30), (21, 22), (15, 16), (24, 25), (13, 14), (14, 15)])
INFO:Drone 2: set([(23, 24), (18, 19), (22, 23), (12, 13), (19, 20), (29, 30), (20, 21), (17, 18), (11, 12), (16, 17), (21, 30), (21, 22), (15, 16), (24, 25), (13, 14), (14, 15)])
INFO:Drone 3: Received Analzed Message! Removing: 10 11
INFO:Drone 3: set([(23, 24), (18, 19), (22, 23), (12, 13), (19, 20), (29, 30), (20, 21), (17, 18), (11, 12), (16, 17), (21, 30), (21, 22), (15, 16), (24, 25), (13, 14), (14, 15)])
INFO:Drone 0: At WP 13 (40.79623031616211, -73.95565795898438)
INFO:Drone 0: Going to next wp
INFO:Drone 0: Next: (40.797691345214844, -73.9543685913086)
INFO:MODEL: Analyzed Road: 25 24
INFO:Drone 1: set([(23, 24), (18, 19), (22, 23), (12, 13), (19, 20), (29, 30), (20, 21), (17, 18), (11, 12), (16, 17), (21, 30), (21, 22), (15, 16), (13, 14), (14, 15)])
INFO:Drone 3: Received Analzed Message! Removing: 25 24
INFO:Drone 3: set([(23, 24), (18, 19), (22, 23), (12, 13), (19, 20), (29, 30), (20, 21), (17, 18), (11, 12), (16, 17), (21, 30), (21, 22), (15, 16), (13, 14), (14, 15)])
INFO:Drone 2: Received Analzed Message! Removing: 25 24
INFO:Drone 2: set([(23, 24), (18, 19), (22, 23), (12, 13), (19, 20), (29, 30), (20, 21), (17, 18), (11, 12), (16, 17), (21, 30), (21, 22), (15, 16), (13, 14), (14, 15)])
INFO:Drone 0: Received Analzed Message! Removing: 25 24
INFO:Drone 0: set([(23, 24), (18, 19), (22, 23), (12, 13), (19, 20), (29, 30), (20, 21), (17, 18), (11, 12), (16, 17), (21, 30), (21, 22), (15, 16), (13, 14), (14, 15)])
INFO:Drone 1: At WP 8 (40.791778564453125, -73.96246337890625)
INFO:Drone 1: Going to next wp
INFO:Drone 1: Next: (40.7936897277832, -73.9610824584961)
INFO:MODEL: Analyzed Road: 18 19
INFO:Drone 3: set([(23, 24), (22, 23), (12, 13), (19, 20), (29, 30), (20, 21), (17, 18), (11, 12), (16, 17), (21, 30), (21, 22), (15, 16), (13, 14), (14, 15)])
INFO:Drone 2: Received Analzed Message! Removing: 18 19
INFO:Drone 2: set([(23, 24), (22, 23), (12, 13), (19, 20), (29, 30), (20, 21), (17, 18), (11, 12), (16, 17), (21, 30), (21, 22), (15, 16), (13, 14), (14, 15)])
INFO:Drone 1: Received Analzed Message! Removing: 18 19
INFO:Drone 0: Received Analzed Message! Removing: 18 19
INFO:Drone 0: set([(23, 24), (22, 23), (12, 13), (19, 20), (29, 30), (20, 21), (17, 18), (11, 12), (16, 17), (21, 30), (21, 22), (15, 16), (13, 14), (14, 15)])
INFO:Drone 1: set([(23, 24), (22, 23), (12, 13), (19, 20), (29, 30), (20, 21), (17, 18), (11, 12), (16, 17), (21, 30), (21, 22), (15, 16), (13, 14), (14, 15)])
INFO:Drone 3: At WP 4 (40.796119689941406, -73.95697021484375)
INFO:Drone 3: Going to next wp
INFO:Drone 3: Next: (40.794471740722656, -73.95575714111328)
INFO:Drone 2: At WP 7 (40.791561126708984, -73.9565200805664)
INFO:Drone 2: Going to next wp
INFO:Drone 2: Next: (40.794349670410156, -73.95481872558594)
INFO:MODEL: Analyzed Road: 11 12
INFO:Drone 0: set([(23, 24), (22, 23), (12, 13), (19, 20), (29, 30), (20, 21), (17, 18), (16, 17), (21, 30), (21, 22), (15, 16), (13, 14), (14, 15)])
INFO:Drone 3: Received Analzed Message! Removing: 11 12
INFO:Drone 3: set([(23, 24), (22, 23), (12, 13), (19, 20), (29, 30), (20, 21), (17, 18), (16, 17), (21, 30), (21, 22), (15, 16), (13, 14), (14, 15)])
INFO:Drone 1: Received Analzed Message! Removing: 11 12
INFO:Drone 1: set([(23, 24), (22, 23), (12, 13), (19, 20), (29, 30), (20, 21), (17, 18), (16, 17), (21, 30), (21, 22), (15, 16), (13, 14), (14, 15)])
INFO:Drone 2: Received Analzed Message! Removing: 11 12
INFO:Drone 2: set([(23, 24), (22, 23), (12, 13), (19, 20), (29, 30), (20, 21), (17, 18), (16, 17), (21, 30), (21, 22), (15, 16), (13, 14), (14, 15)])
INFO:Drone 0: At WP 14 (40.797691345214844, -73.9543685913086)
INFO:Drone 0: Going to next wp
INFO:Drone 0: Next: (40.79841995239258, -73.95442962646484)
INFO:MODEL: Analyzed Road: 24 23
INFO:Drone 1: set([(22, 23), (12, 13), (19, 20), (29, 30), (20, 21), (17, 18), (16, 17), (21, 30), (21, 22), (15, 16), (13, 14), (14, 15)])
INFO:Drone 2: Received Analzed Message! Removing: 24 23
INFO:Drone 2: set([(22, 23), (12, 13), (19, 20), (29, 30), (20, 21), (17, 18), (16, 17), (21, 30), (21, 22), (15, 16), (13, 14), (14, 15)])
INFO:Drone 3: Received Analzed Message! Removing: 24 23
INFO:Drone 3: set([(22, 23), (12, 13), (19, 20), (29, 30), (20, 21), (17, 18), (16, 17), (21, 30), (21, 22), (15, 16), (13, 14), (14, 15)])
INFO:Drone 0: Received Analzed Message! Removing: 24 23
INFO:Drone 0: set([(22, 23), (12, 13), (19, 20), (29, 30), (20, 21), (17, 18), (16, 17), (21, 30), (21, 22), (15, 16), (13, 14), (14, 15)])
INFO:Drone 1: At WP 9 (40.7936897277832, -73.9610824584961)
INFO:Drone 1: Going to next wp
INFO:Drone 1: Next: (40.79405975341797, -73.95995330810547)
INFO:Drone 3: At WP 5 (40.794471740722656, -73.95575714111328)
INFO:Drone 3: Going to next wp
INFO:Drone 3: Next: (40.79364013671875, -73.95809936523438)
INFO:MODEL: Analyzed Road: 12 13
INFO:Drone 0: set([(22, 23), (19, 20), (29, 30), (20, 21), (17, 18), (16, 17), (21, 30), (21, 22), (15, 16), (13, 14), (14, 15)])
INFO:Drone 1: Received Analzed Message! Removing: 12 13
INFO:Drone 1: set([(22, 23), (19, 20), (29, 30), (20, 21), (17, 18), (16, 17), (21, 30), (21, 22), (15, 16), (13, 14), (14, 15)])
INFO:Drone 3: Received Analzed Message! Removing: 12 13
INFO:Drone 3: set([(22, 23), (19, 20), (29, 30), (20, 21), (17, 18), (16, 17), (21, 30), (21, 22), (15, 16), (13, 14), (14, 15)])
INFO:Drone 2: Received Analzed Message! Removing: 12 13
INFO:Drone 2: set([(22, 23), (19, 20), (29, 30), (20, 21), (17, 18), (16, 17), (21, 30), (21, 22), (15, 16), (13, 14), (14, 15)])
INFO:Drone 0: At WP 15 (40.79841995239258, -73.95442962646484)
INFO:Drone 0: Going to next wp
INFO:Drone 0: Next: (40.799171447753906, -73.95568084716797)
INFO:Drone 2: At WP 8 (40.794349670410156, -73.95481872558594)
INFO:Drone 2: Finished
INFO:MODEL: Analyzed Road: 23 22
INFO:Drone 1: set([(19, 20), (29, 30), (20, 21), (17, 18), (16, 17), (21, 30), (21, 22), (15, 16), (13, 14), (14, 15)])
INFO:Drone 3: Received Analzed Message! Removing: 23 22
INFO:Drone 2: Received Analzed Message! Removing: 23 22
INFO:Drone 3: set([(19, 20), (29, 30), (20, 21), (17, 18), (16, 17), (21, 30), (21, 22), (15, 16), (13, 14), (14, 15)])
INFO:Drone 2: set([(19, 20), (29, 30), (20, 21), (17, 18), (16, 17), (21, 30), (21, 22), (15, 16), (13, 14), (14, 15)])
INFO:Drone 0: Received Analzed Message! Removing: 23 22
INFO:Drone 0: set([(19, 20), (29, 30), (20, 21), (17, 18), (16, 17), (21, 30), (21, 22), (15, 16), (13, 14), (14, 15)])
INFO:Drone 1: At WP 10 (40.79405975341797, -73.95995330810547)
INFO:Drone 1: Going to next wp
INFO:Drone 1: Next: (40.794410705566406, -73.95934295654297)
INFO:MODEL: Analyzed Road: 13 14
INFO:Drone 0: set([(19, 20), (29, 30), (20, 21), (17, 18), (16, 17), (21, 30), (21, 22), (15, 16), (14, 15)])
INFO:Drone 1: Received Analzed Message! Removing: 13 14
INFO:Drone 2: Received Analzed Message! Removing: 13 14
INFO:Drone 1: set([(19, 20), (29, 30), (20, 21), (17, 18), (16, 17), (21, 30), (21, 22), (15, 16), (14, 15)])
INFO:Drone 2: set([(19, 20), (29, 30), (20, 21), (17, 18), (16, 17), (21, 30), (21, 22), (15, 16), (14, 15)])
INFO:Drone 3: Received Analzed Message! Removing: 13 14
INFO:Drone 3: set([(19, 20), (29, 30), (20, 21), (17, 18), (16, 17), (21, 30), (21, 22), (15, 16), (14, 15)])
INFO:Drone 0: At WP 16 (40.799171447753906, -73.95568084716797)
INFO:Drone 0: Going to next wp
INFO:Drone 0: Next: (40.79957962036133, -73.95787048339844)
INFO:MODEL: Analyzed Road: 29 30
INFO:Drone 3: set([(19, 20), (20, 21), (17, 18), (16, 17), (21, 30), (21, 22), (15, 16), (14, 15)])
INFO:Drone 2: Received Analzed Message! Removing: 29 30
INFO:Drone 0: Received Analzed Message! Removing: 29 30
INFO:Drone 0: set([(19, 20), (20, 21), (17, 18), (16, 17), (21, 30), (21, 22), (15, 16), (14, 15)])
INFO:Drone 2: set([(19, 20), (20, 21), (17, 18), (16, 17), (21, 30), (21, 22), (15, 16), (14, 15)])
INFO:Drone 1: Received Analzed Message! Removing: 29 30
INFO:Drone 1: set([(19, 20), (20, 21), (17, 18), (16, 17), (21, 30), (21, 22), (15, 16), (14, 15)])
INFO:Drone 3: At WP 6 (40.79364013671875, -73.95809936523438)
INFO:Drone 3: Finished
INFO:MODEL: Analyzed Road: 22 21
INFO:Drone 1: set([(19, 20), (20, 21), (17, 18), (16, 17), (21, 30), (15, 16), (14, 15)])
INFO:Drone 3: Received Analzed Message! Removing: 22 21
INFO:Drone 3: set([(19, 20), (20, 21), (17, 18), (16, 17), (21, 30), (15, 16), (14, 15)])
INFO:Drone 2: Received Analzed Message! Removing: 22 21
INFO:Drone 2: set([(19, 20), (20, 21), (17, 18), (16, 17), (21, 30), (15, 16), (14, 15)])
INFO:Drone 0: Received Analzed Message! Removing: 22 21
INFO:Drone 0: set([(19, 20), (20, 21), (17, 18), (16, 17), (21, 30), (15, 16), (14, 15)])
INFO:Drone 1: At WP 11 (40.794410705566406, -73.95934295654297)
INFO:Drone 1: Going to next wp
INFO:Drone 1: Next: (40.79364013671875, -73.95809936523438)
INFO:MODEL: Analyzed Road: 14 15
INFO:Drone 0: set([(19, 20), (20, 21), (17, 18), (16, 17), (21, 30), (15, 16)])
INFO:Drone 2: Received Analzed Message! Removing: 14 15
INFO:Drone 2: set([(19, 20), (20, 21), (17, 18), (16, 17), (21, 30), (15, 16)])
INFO:Drone 1: Received Analzed Message! Removing: 14 15
INFO:Drone 1: set([(19, 20), (20, 21), (17, 18), (16, 17), (21, 30), (15, 16)])
INFO:Drone 3: Received Analzed Message! Removing: 14 15
INFO:Drone 3: set([(19, 20), (20, 21), (17, 18), (16, 17), (21, 30), (15, 16)])
INFO:Drone 0: At WP 17 (40.79957962036133, -73.95787048339844)
INFO:Drone 0: Going to next wp
INFO:Drone 0: Next: (40.79875946044922, -73.95855712890625)
INFO:MODEL: Analyzed Road: 21 30
INFO:Drone 1: set([(19, 20), (20, 21), (17, 18), (16, 17), (15, 16)])
INFO:Drone 3: Received Analzed Message! Removing: 21 30
INFO:Drone 2: Received Analzed Message! Removing: 21 30
INFO:Drone 2: set([(19, 20), (20, 21), (17, 18), (16, 17), (15, 16)])
INFO:Drone 3: set([(19, 20), (20, 21), (17, 18), (16, 17), (15, 16)])
INFO:Drone 0: Received Analzed Message! Removing: 21 30
INFO:Drone 0: set([(19, 20), (20, 21), (17, 18), (16, 17), (15, 16)])
INFO:Drone 1: At WP 12 (40.79364013671875, -73.95809936523438)
INFO:Drone 1: Going to next wp
INFO:Drone 1: Next: (40.794410705566406, -73.95934295654297)
INFO:MODEL: Analyzed Road: 15 16
INFO:Drone 0: set([(19, 20), (20, 21), (17, 18), (16, 17)])
INFO:Drone 2: Received Analzed Message! Removing: 15 16
INFO:Drone 2: set([(19, 20), (20, 21), (17, 18), (16, 17)])
INFO:Drone 1: Received Analzed Message! Removing: 15 16
INFO:Drone 1: set([(19, 20), (20, 21), (17, 18), (16, 17)])
INFO:Drone 3: Received Analzed Message! Removing: 15 16
INFO:Drone 3: set([(19, 20), (20, 21), (17, 18), (16, 17)])
INFO:Drone 0: At WP 18 (40.79875946044922, -73.95855712890625)
INFO:Drone 0: Going to next wp
INFO:Drone 0: Next: (40.798370361328125, -73.95819854736328)
INFO:Drone 1: At WP 13 (40.794410705566406, -73.95934295654297)
INFO:Drone 1: Going to next wp
INFO:Drone 1: Next: (40.79521942138672, -73.95880889892578)
INFO:MODEL: Analyzed Road: 16 17
INFO:Drone 0: set([(19, 20), (20, 21), (17, 18)])
INFO:Drone 2: Received Analzed Message! Removing: 16 17
INFO:Drone 2: set([(19, 20), (20, 21), (17, 18)])
INFO:Drone 1: Received Analzed Message! Removing: 16 17
INFO:Drone 1: set([(19, 20), (20, 21), (17, 18)])
INFO:Drone 3: Received Analzed Message! Removing: 16 17
INFO:Drone 3: set([(19, 20), (20, 21), (17, 18)])
INFO:Drone 0: At WP 19 (40.798370361328125, -73.95819854736328)
INFO:Drone 0: Going to next wp
INFO:Drone 0: Next: (40.79779815673828, -73.95719909667969)
INFO:MODEL: Analyzed Road: 21 20
INFO:Drone 1: set([(19, 20), (17, 18)])
INFO:Drone 3: Received Analzed Message! Removing: 21 20
INFO:Drone 3: set([(19, 20), (17, 18)])
INFO:Drone 2: Received Analzed Message! Removing: 21 20
INFO:Drone 2: set([(19, 20), (17, 18)])
INFO:Drone 0: Received Analzed Message! Removing: 21 20
INFO:Drone 0: set([(19, 20), (17, 18)])
INFO:Drone 1: At WP 14 (40.79521942138672, -73.95880889892578)
INFO:Drone 1: Going to next wp
INFO:Drone 1: Next: (40.796119689941406, -73.95697021484375)
INFO:MODEL: Analyzed Road: 17 18
INFO:Drone 0: set([(19, 20)])
INFO:Drone 2: Received Analzed Message! Removing: 17 18
INFO:Drone 2: set([(19, 20)])
INFO:Drone 1: Received Analzed Message! Removing: 17 18
INFO:Drone 3: Received Analzed Message! Removing: 17 18
INFO:Drone 1: set([(19, 20)])
INFO:Drone 3: set([(19, 20)])
INFO:Drone 0: At WP 20 (40.79779815673828, -73.95719909667969)
INFO:Drone 0: Finished
INFO:MODEL: Analyzed Road: 20 19
INFO:Drone 1: set([])
INFO:Drone 3: Received Analzed Message! Removing: 20 19
INFO:Drone 3: set([])
INFO:Drone 2: Received Analzed Message! Removing: 20 19
INFO:Drone 2: set([])
INFO:Drone 0: Received Analzed Message! Removing: 20 19
INFO:Drone 0: set([])
INFO:Drone 1: At WP 15 (40.796119689941406, -73.95697021484375)
INFO:Drone 1: Finished
INFO:SERVER: Closing Connection
INFO:SERVER: Closing Connection
INFO:SERVER: Closing Connection
INFO:SERVER: Closing Connection
